%YAML:1.0
M1: !!opencv-matrix
   rows: 3
   cols: 3
   dt: d
   data: [ 1.0929318951296889e+03, 0., 6.3765472387544855e+02, 0.,
       1.0971960132212259e+03, 3.5793688891343851e+02, 0., 0., 1. ]
D1: !!opencv-matrix
   rows: 1
   cols: 5
   dt: d
   data: [ 1.4403271019224792e-01, -1.0858186953043927e+00, 0., 0.,
       1.9124380517859598e+00 ]
M2: !!opencv-matrix
   rows: 3
   cols: 3
   dt: d
   data: [ 1.0929318951296889e+03, 0., 6.2383906327262684e+02, 0.,
       1.0971960132212259e+03, 3.6674712310148357e+02, 0., 0., 1. ]
D2: !!opencv-matrix
   rows: 1
   cols: 5
   dt: d
   data: [ 1.5076816515941027e-01, -1.1295131256677695e+00, 0., 0.,
       1.9609817036280230e+00 ]

R: !!opencv-matrix
   rows: 3
   cols: 3
   dt: d
   data: [ 9.9980770935790209e-01, 1.7884144413483773e-02,
       -8.0437358921343852e-03, -1.7903048070255570e-02,
       9.9983711822358423e-01, -2.2842705952795584e-03,
       8.0015734889377927e-03, 2.4278387417614156e-03,
       9.9996503959925775e-01 ]
T: !!opencv-matrix
   rows: 3
   cols: 1
   dt: d
   data: [ -4.6110584268998061e+01, 1.0180412696554897e+00,
       -1.5530222855609097e+00 ]
R1: !!opencv-matrix
   rows: 3
   cols: 3
   dt: d
   data: [ 9.9966216698305999e-01, -4.1054168175185084e-03,
       2.5665101899027619e-02, 4.1329158664553172e-03,
       9.9999094078712958e-01, -1.0185038597780357e-03,
       -2.5660688010531528e-02, 1.1242314823989889e-03,
       9.9967007817299414e-01 ]
R2: !!opencv-matrix
   rows: 3
   cols: 3
   dt: d
   data: [ 9.9919007613452715e-01, -2.2060373987042390e-02,
       3.3653107640005987e-02, 2.2024296118676991e-02,
       9.9975639523328508e-01, 1.4424183250077603e-03,
       -3.3676729870265543e-02, -7.0006406800515492e-04,
       9.9943253287830580e-01 ]
P1: !!opencv-matrix
   rows: 3
   cols: 4
   dt: d
   data: [ 1.0541783467951122e+03, 0., 5.8866763305664063e+02, 0., 0.,
       1.0541783467951122e+03, 3.6165937042236328e+02, 0., 0., 0., 1.,
       0. ]
P2: !!opencv-matrix
   rows: 3
   cols: 4
   dt: d
   data: [ 1.0541783467951122e+03, 0., 5.8866763305664063e+02,
       -4.8648180817104709e+04, 0., 1.0541783467951122e+03,
       3.6165937042236328e+02, 0., 0., 0., 1., 0. ]
Q: !!opencv-matrix
   rows: 4
   cols: 4
   dt: d
   data: [ 1., 0., 0., -5.8866763305664063e+02, 0., 1., 0.,
       -3.6165937042236328e+02, 0., 0., 0., 1.0541783467951122e+03, 0.,
       0., 2.1669429957891926e-02, 0. ]
