%YAML:1.0
M1: !!opencv-matrix
   rows: 3
   cols: 3
   dt: d
   data: [ 1.0803755543648817e+03, 0., 6.4409296423516025e+02, 0.,
       1.0801017211608930e+03, 3.4850133393280873e+02, 0., 0., 1. ]
D1: !!opencv-matrix
   rows: 1
   cols: 5
   dt: d
   data: [ 1.4203657083034404e-01, -1.0703308190020293e+00, 0., 0.,
       1.9011015311812138e+00 ]
M2: !!opencv-matrix
   rows: 3
   cols: 3
   dt: d
   data: [ 1.0803755543648817e+03, 0., 6.2484387447200697e+02, 0.,
       1.0801017211608930e+03, 3.5632739330017779e+02, 0., 0., 1. ]
D2: !!opencv-matrix
   rows: 1
   cols: 5
   dt: d
   data: [ 1.7520126943557746e-01, -1.2821392143169321e+00, 0., 0.,
       2.1856602481096963e+00 ]
R: !!opencv-matrix
   rows: 3
   cols: 3
   dt: d
   data: [ 9.9954245674669739e-01, 8.9045163931294729e-03,
       -2.8906517406652042e-02, -9.2827885393730238e-03,
       9.9987268820111208e-01, -1.2978336812356248e-02,
       2.8787271453020239e-02, 1.3240731750404317e-02,
       9.9949786194118695e-01 ]
T: !!opencv-matrix
   rows: 3
   cols: 1
   dt: d
   data: [ -4.7438455212431208e+01, 4.6285277615981724e-01,
       -1.5763671947444409e+00 ]
R1: !!opencv-matrix
   rows: 3
   cols: 3
   dt: d
   data: [ 9.9999010085020101e-01, -4.1091990390597084e-04,
       4.4305018268284476e-03, 4.3992658308812861e-04,
       9.9997846448233441e-01, -6.5480559064794233e-03,
       -4.4277156871742138e-03, 6.5499401818231318e-03,
       9.9996874632030786e-01 ]
R2: !!opencv-matrix
   rows: 3
   cols: 3
   dt: d
   data: [ 9.9940083270498958e-01, -9.7510647815687804e-03,
       3.3209822706530584e-02, 9.5333314194477655e-03,
       9.9993205455474876e-01, 6.7083430119608918e-03,
       -3.3272979737626676e-02, -6.3877233459819762e-03,
       9.9942588810268207e-01 ]
P1: !!opencv-matrix
   rows: 3
   cols: 4
   dt: d
   data: [ 1.0288706940609338e+03, 0., 6.0819653320312500e+02, 0., 0.,
       1.0288706940609338e+03, 3.5271163177490234e+02, 0., 0., 0., 1.,
       0. ]
P2: !!opencv-matrix
   rows: 3
   cols: 4
   dt: d
   data: [ 1.0288706940609338e+03, 0., 6.0819653320312500e+02,
       -4.8837298051361686e+04, 0., 1.0288706940609338e+03,
       3.5271163177490234e+02, 0., 0., 0., 1., 0. ]
Q: !!opencv-matrix
   rows: 4
   cols: 4
   dt: d
   data: [ 1., 0., 0., -6.0819653320312500e+02, 0., 1., 0.,
       -3.5271163177490234e+02, 0., 0., 0., 1.0288706940609338e+03, 0.,
       0., 2.1067314022550576e-02, 0. ]
