%YAML:1.0
M1: !!opencv-matrix
   rows: 3
   cols: 3
   dt: d
   data: [ 1.0986971531061997e+03, 0., 6.4372191281039863e+02, 0.,
       1.0987824170811350e+03, 3.5272781754115766e+02, 0., 0., 1. ]
D1: !!opencv-matrix
   rows: 1
   cols: 5
   dt: d
   data: [ 1.8064047350886056e-01, -1.3251897951140463e+00, 0., 0.,
       2.4062708780964699e+00 ]
M2: !!opencv-matrix
   rows: 3
   cols: 3
   dt: d
   data: [ 1.0986971531061997e+03, 0., 6.2846834035128040e+02, 0.,
       1.0987824170811350e+03, 3.6000600031445748e+02, 0., 0., 1. ]
D2: !!opencv-matrix
   rows: 1
   cols: 5
   dt: d
   data: [ 2.1311375755669867e-01, -1.6676719356369725e+00, 0., 0.,
       3.1780112255140502e+00 ]
R: !!opencv-matrix
   rows: 3
   cols: 3
   dt: d
   data: [ 9.9978417548756149e-01, 1.4455785116394487e-02,
       -1.4920882055879508e-02, -1.4412979061998395e-02,
       9.9989170947850581e-01, 2.9724317838560705e-03,
       1.4962235100921093e-02, -2.7567358995575914e-03,
       9.9988425926602365e-01 ]
T: !!opencv-matrix
   rows: 3
   cols: 1
   dt: d
   data: [ -4.5282625049927745e+01, 2.8318616506725314e-01,
       -2.7449911426985460e+00 ]
R1: !!opencv-matrix
   rows: 3
   cols: 3
   dt: d
   data: [ 9.9892812571335654e-01, 8.0207228658945116e-03,
       4.5588021052782472e-02, -8.0948891386692420e-03,
       9.9996619541085519e-01, 1.4424996956711789e-03,
       -4.5574910078167746e-02, -1.8099834938124851e-03,
       9.9895928422089297e-01 ]
R2: !!opencv-matrix
   rows: 3
   cols: 3
   dt: d
   data: [ 9.9814826489860176e-01, -6.2421685799688249e-03,
       6.0506831112939786e-02, 6.3406310135192701e-03,
       9.9997886774968603e-01, -1.4354276039429770e-03,
       -6.0496592286350862e-02, 1.8164210621477253e-03,
       9.9816675106730735e-01 ]
P1: !!opencv-matrix
   rows: 3
   cols: 4
   dt: d
   data: [ 1.0609651130148288e+03, 0., 5.5984581756591797e+02, 0., 0.,
       1.0609651130148288e+03, 3.5655435943603516e+02, 0., 0., 0., 1.,
       0. ]
P2: !!opencv-matrix
   rows: 3
   cols: 4
   dt: d
   data: [ 1.0609651130148288e+03, 0., 5.5984581756591797e+02,
       -4.8132413884008762e+04, 0., 1.0609651130148288e+03,
       3.5655435943603516e+02, 0., 0., 0., 1., 0. ]
Q: !!opencv-matrix
   rows: 4
   cols: 4
   dt: d
   data: [ 1., 0., 0., -5.5984581756591797e+02, 0., 1., 0.,
       -3.5655435943603516e+02, 0., 0., 0., 1.0609651130148288e+03, 0.,
       0., 2.2042632550521593e-02, 0. ]
