%YAML:1.0
M1: !!opencv-matrix
   rows: 3
   cols: 3
   dt: d
   data: [ 1.1026538153216395e+03, 0., 6.3867653424602327e+02, 0.,
       1.1011852603040973e+03, 3.4799034660401031e+02, 0., 0., 1. ]
D1: !!opencv-matrix
   rows: 1
   cols: 5
   dt: d
   data: [ 1.1720657318603404e-01, -9.8386924151184618e-01, 0., 0.,
       1.7850000799568870e+00 ]
M2: !!opencv-matrix
   rows: 3
   cols: 3
   dt: d
   data: [ 1.1026538153216395e+03, 0., 6.2501229969836277e+02, 0.,
       1.1011852603040973e+03, 3.5535831264377765e+02, 0., 0., 1. ]
D2: !!opencv-matrix
   rows: 1
   cols: 5
   dt: d
   data: [ 1.9845221568632695e-01, -1.5935056086841601e+00, 0., 0.,
       3.2538354418047817e+00 ]
R: !!opencv-matrix
   rows: 3
   cols: 3
   dt: d
   data: [ 9.9959942914115307e-01, 8.1859457060540000e-03,
       -2.7091909374912831e-02, -7.9691148574596790e-03,
       9.9993542457827167e-01, 8.1018443492968540e-03,
       2.7156481161401767e-02, -7.8827004490310357e-03,
       9.9960011432800533e-01 ]
T: !!opencv-matrix
   rows: 3
   cols: 1
   dt: d
   data: [ -4.8356914100433919e+01, 8.9801231307553120e-01,
       -1.3215023208577004e+00 ]
R1: !!opencv-matrix
   rows: 3
   cols: 3
   dt: d
   data: [ 9.9994388982062754e-01, -1.0592998687653812e-02,
       7.4760927894794091e-05, 1.0592623641084405e-02,
       9.9993619129638556e-01, 3.9255139888064719e-03,
       -1.1633912202870661e-04, -3.9245018131402031e-03,
       9.9999229234565978e-01 ]
R2: !!opencv-matrix
   rows: 3
   cols: 3
   dt: d
   data: [ 9.9945460230947858e-01, -1.8560376647890717e-02,
       2.7313189873955854e-02, 1.8667454246971145e-02,
       9.9981901006402185e-01, -3.6705948477684927e-03,
       -2.7240118838572830e-02, 4.1784606361265656e-03,
       9.9962018606687453e-01 ]
P1: !!opencv-matrix
   rows: 3
   cols: 4
   dt: d
   data: [ 1.0550068393716288e+03, 0., 6.1419451904296875e+02, 0., 0.,
       1.0550068393716288e+03, 3.5190315628051758e+02, 0., 0., 0., 1.,
       0. ]
P2: !!opencv-matrix
   rows: 3
   cols: 4
   dt: d
   data: [ 1.0550068393716288e+03, 0., 6.1419451904296875e+02,
       -5.1044714776416542e+04, 0., 1.0550068393716288e+03,
       3.5190315628051758e+02, 0., 0., 0., 1., 0. ]
Q: !!opencv-matrix
   rows: 4
   cols: 4
   dt: d
   data: [ 1., 0., 0., -6.1419451904296875e+02, 0., 1., 0.,
       -3.5190315628051758e+02, 0., 0., 0., 1.0550068393716288e+03, 0.,
       0., 2.0668287480745381e-02, 0. ]
